 Enter VibAnalysis.
   Matrix File: test005.mat

 nAtoms=   3

 force constant matrix
                  1             2             3             4             5             6             7             8             9
       1     -0.302273      0.000000      0.000000      0.151137      0.000000      0.000000      0.151137      0.000000      0.000000
       2      0.000000     -0.302273      0.000000      0.000000      0.151137      0.000000      0.000000      0.151137      0.000000
       3      0.000000      0.000000      1.724406      0.000000      0.000000     -0.862203      0.000000      0.000000     -0.862203
       4      0.151137      0.000000      0.000000     -0.077471      0.000000      0.000000     -0.073666      0.000000      0.000000
       5      0.000000      0.151137      0.000000      0.000000     -0.077471      0.000000      0.000000     -0.073666      0.000000
       6      0.000000      0.000000     -0.862203      0.000000      0.000000      0.825341      0.000000      0.000000      0.036862
       7      0.151137      0.000000      0.000000     -0.073666      0.000000      0.000000     -0.077471      0.000000      0.000000
       8      0.000000      0.151137      0.000000      0.000000     -0.073666      0.000000      0.000000     -0.077471      0.000000
       9      0.000000      0.000000     -0.862203      0.000000      0.000000      0.036862      0.000000      0.000000      0.825341

 Hessian-FULL
                  1             2             3             4             5             6             7             8             9
       1     -0.302273      0.000000      0.000000      0.151137      0.000000      0.000000      0.151137      0.000000      0.000000
       2      0.000000     -0.302273      0.000000      0.000000      0.151137      0.000000      0.000000      0.151137      0.000000
       3      0.000000      0.000000      1.724406      0.000000      0.000000     -0.862203      0.000000      0.000000     -0.862203
       4      0.151137      0.000000      0.000000     -0.077471      0.000000      0.000000     -0.073666      0.000000      0.000000
       5      0.000000      0.151137      0.000000      0.000000     -0.077471      0.000000      0.000000     -0.073666      0.000000
       6      0.000000      0.000000     -0.862203      0.000000      0.000000      0.825341      0.000000      0.000000      0.036862
       7      0.151137      0.000000      0.000000     -0.073666      0.000000      0.000000     -0.077471      0.000000      0.000000
       8      0.000000      0.151137      0.000000      0.000000     -0.073666      0.000000      0.000000     -0.077471      0.000000
       9      0.000000      0.000000     -0.862203      0.000000      0.000000      0.036862      0.000000      0.000000      0.825341

 Atomic Masses
       1       15.994915
       2        1.007825
       3        1.007825

 Hessian-FULL after MW'ing
                  1             2             3             4             5             6             7             8             9
       1     -0.018898      0.000000      0.000000      0.037643      0.000000      0.000000      0.037643      0.000000      0.000000
       2      0.000000     -0.018898      0.000000      0.000000      0.037643      0.000000      0.000000      0.037643      0.000000
       3      0.000000      0.000000      0.107810      0.000000      0.000000     -0.214746      0.000000      0.000000     -0.214746
       4      0.037643      0.000000      0.000000     -0.076869      0.000000      0.000000     -0.073094      0.000000      0.000000
       5      0.000000      0.037643      0.000000      0.000000     -0.076869      0.000000      0.000000     -0.073094      0.000000
       6      0.000000      0.000000     -0.214746      0.000000      0.000000      0.818933      0.000000      0.000000      0.036576
       7      0.037643      0.000000      0.000000     -0.073094      0.000000      0.000000     -0.076869      0.000000      0.000000
       8      0.000000      0.037643      0.000000      0.000000     -0.073094      0.000000      0.000000     -0.076869      0.000000
       9      0.000000      0.000000     -0.214746      0.000000      0.000000      0.036576      0.000000      0.000000      0.818933

 Hessian-FULL after scaleHess
                  1             2             3             4             5             6             7             8             9
       1    -10.367107      0.000000      0.000000     20.650281      0.000000      0.000000     20.650281      0.000000      0.000000
       2      0.000000    -10.367107      0.000000      0.000000     20.650281      0.000000      0.000000     20.650281      0.000000
       3      0.000000      0.000000     59.142199      0.000000      0.000000   -117.805580      0.000000      0.000000   -117.805580
       4     20.650281      0.000000      0.000000    -42.169028      0.000000      0.000000    -40.097723      0.000000      0.000000
       5      0.000000     20.650281      0.000000      0.000000    -42.169028      0.000000      0.000000    -40.097723      0.000000
       6      0.000000      0.000000   -117.805580      0.000000      0.000000    449.250067      0.000000      0.000000     20.064738
       7     20.650281      0.000000      0.000000    -40.097723      0.000000      0.000000    -42.169028      0.000000      0.000000
       8      0.000000     20.650281      0.000000      0.000000    -40.097723      0.000000      0.000000    -42.169028      0.000000
       9      0.000000      0.000000   -117.805580      0.000000      0.000000     20.064738      0.000000      0.000000    449.250067
  Hrant - lenWork is calculated to be                       603
  Hrant - iError =                         0
 
 
 
  *******************************************
 
 
  i =                         1
    eVal from SVD:                528.4570034978660     
    eVal after re-evaluation:     528.4570034978661     
 
  i =                         2
    eVal from SVD:                429.1853282766883     
    eVal after re-evaluation:     429.1853282766886     
 
  i =                         3
    eVal from SVD:                92.63385799539519     
    eVal after re-evaluation:    -92.63385799539520     
 
  i =                         4
    eVal from SVD:                92.63385799534464     
    eVal after re-evaluation:    -92.63385799534464     
 
  i =                         5
    eVal from SVD:                2.071304887336197     
    eVal after re-evaluation:    -2.071304887336194     
 
  i =                         6
    eVal from SVD:                2.071304887330779     
    eVal after re-evaluation:    -2.071304887330778     
 
  i =                         7
    eVal from SVD:               2.8589144056812459E-011
    eVal after re-evaluation:    2.8580219955669960E-011
 
  i =                         8
    eVal from SVD:               2.3921206477019858E-011
    eVal after re-evaluation:   -2.3924856554800162E-011
 
  i =                         9
    eVal from SVD:               2.3779434118873506E-011
    eVal after re-evaluation:   -2.3778222458945471E-011
 
  *******************************************
 
 
 

 mySVD: Left Eigenvectors
                  1             2             3             4             5             6             7             8             9
       1      0.000000      0.000000     -0.334537      0.000000      0.000000      0.000000      0.000902      0.942382     -0.000635
       2      0.000000      0.000000      0.000000     -0.334537      0.000000      0.000000      0.001414      0.000634      0.942381
       3     -0.334537      0.000000      0.000000      0.000000      0.000000      0.000000      0.942381     -0.000903     -0.001413
       4      0.000000      0.000000      0.666365      0.000000     -0.000032      0.707107      0.000226      0.236553     -0.000159
       5      0.000000      0.000000      0.000000      0.666365      0.707107      0.000032      0.000355      0.000159      0.236553
       6      0.666365      0.707107      0.000000      0.000000      0.000000      0.000000      0.236553     -0.000227     -0.000355
       7      0.000000      0.000000      0.666365      0.000000      0.000032     -0.707107      0.000226      0.236553     -0.000159
       8      0.000000      0.000000      0.000000      0.666365     -0.707107     -0.000032      0.000355      0.000159      0.236553
       9      0.666365     -0.707107      0.000000      0.000000      0.000000      0.000000      0.236553     -0.000227     -0.000355

 mySVD: Right Eigenvectors
                  1             2             3             4             5             6             7             8             9
       1      0.000000      0.000000      0.334537      0.000000      0.000000     -0.666365      0.000000      0.000000     -0.666365
       2      0.000000      0.000000      0.000000      0.000000      0.000000      0.707107      0.000000      0.000000     -0.707107
       3     -0.334537      0.000000      0.000000      0.666365      0.000000      0.000000      0.666365      0.000000      0.000000
       4      0.000000      0.334537      0.000000      0.000000     -0.666365      0.000000      0.000000     -0.666365      0.000000
       5      0.000000      0.000000      0.000000     -0.000032      0.707107      0.000000      0.000032     -0.707107      0.000000
       6      0.000000      0.000000      0.000000      0.707107      0.000032      0.000000     -0.707107     -0.000032      0.000000
       7     -0.000754     -0.001876      0.942381     -0.000189     -0.000471      0.236553     -0.000189     -0.000471      0.236553
       8      0.942382      0.000637      0.000756      0.236553      0.000160      0.000190      0.236553      0.000160      0.000190
       9     -0.000639      0.942381      0.001876     -0.000160      0.236553      0.000471     -0.000160      0.236553      0.000471

 MW Eigenvalues
       1      528.457003
       2      429.185328
       3      -92.633858
       4      -92.633858
       5       -2.071305
       6       -2.071305
       7        0.000000
       8        0.000000
       9        0.000000

 MW Left Eigenvectors
                  1             2             3             4             5             6             7             8             9
       1      0.000000      0.000000     -0.334537      0.000000      0.000000      0.000000      0.000902      0.942382     -0.000635
       2      0.000000      0.000000      0.000000     -0.334537      0.000000      0.000000      0.001414      0.000634      0.942381
       3     -0.334537      0.000000      0.000000      0.000000      0.000000      0.000000      0.942381     -0.000903     -0.001413
       4      0.000000      0.000000      0.666365      0.000000     -0.000032      0.707107      0.000226      0.236553     -0.000159
       5      0.000000      0.000000      0.000000      0.666365      0.707107      0.000032      0.000355      0.000159      0.236553
       6      0.666365      0.707107      0.000000      0.000000      0.000000      0.000000      0.236553     -0.000227     -0.000355
       7      0.000000      0.000000      0.666365      0.000000      0.000032     -0.707107      0.000226      0.236553     -0.000159
       8      0.000000      0.000000      0.000000      0.666365     -0.707107     -0.000032      0.000355      0.000159      0.236553
       9      0.666365     -0.707107      0.000000      0.000000      0.000000      0.000000      0.236553     -0.000227     -0.000355

 MW Eigenvalues (cm-1)
       1     5045.325118
       2     4546.809533
       3    -2112.366173
       4    -2112.366173
       5     -315.868518
       6     -315.868518
       7        0.001173
       8       -0.001074
       9       -0.001070
  Hrant - vectorMagnitude=    4.243885567967166     
  Hrant - MQC_small      =   9.9999999999999995E-007
  Hrant - vectorMagnitude=    4.243885567967166     
  Hrant - MQC_small      =   9.9999999999999995E-007
  Hrant - vectorMagnitude=    4.243885567967166     
  Hrant - MQC_small      =   9.9999999999999995E-007

 MW translational projection vector.
                  1             2             3
       1      0.942383      0.000000      0.000000
       2      0.000000      0.942383      0.000000
       3      0.000000      0.000000      0.942383
       4      0.236553      0.000000      0.000000
       5      0.000000      0.236553      0.000000
       6      0.000000      0.000000      0.236553
       7      0.236553      0.000000      0.000000
       8      0.000000      0.236553      0.000000
       9      0.000000      0.000000      0.236553
 
 
  Calling MoI Routine...
 
 
 
 

 input cartesians (au)
       1        0.000000
       2        0.000000
       3        0.000000
       4        0.000000
       5        0.000000
       6        1.762504
       7        0.000000
       8        0.000000
       9       -1.762504

 before moving to COM, carts:
       1        0.000000
       2        0.000000
       3        0.000000
       4        0.000000
       5        0.000000
       6        1.762504
       7        0.000000
       8        0.000000
       9       -1.762504
  Hrant - i       =                        1
          iCartOff=                        0
  Hrant - i       =                        2
          iCartOff=                        3
  Hrant - i       =                        3
          iCartOff=                        6

 COM (au)
       1        0.000000
       2        0.000000
       3        0.000000

 cartesiansCOM (au)
       1        0.000000
       2        0.000000
       3        0.000000
       4        0.000000
       5        0.000000
       6        1.762504
       7        0.000000
       8        0.000000
       9       -1.762504

 Inertia Matrix:
                  1             2             3
       1      6.261459      0.000000      0.000000
       2      0.000000      6.261459      0.000000
       3      0.000000      0.000000      0.000000
  Hrant - lenWork is calculated to be                       201
  Hrant - iError =                         0
 
 
 
  *******************************************
 
 
  i =                         1
    eVal from SVD:                6.261459284342816     
    eVal after re-evaluation:     6.261459284342816     
 
  i =                         2
    eVal from SVD:                6.261459284342816     
    eVal after re-evaluation:     6.261459284342816     
 
  i =                         3
    eVal from SVD:               2.0849318777498363E-032
    eVal after re-evaluation:    2.0849318777498360E-032
 
  *******************************************
 
 
 

 mySVD: Left Eigenvectors
                  1             2             3
       1      1.000000      0.000000      0.000000
       2      0.000000      1.000000      0.000000
       3      0.000000      0.000000      1.000000

 mySVD: Right Eigenvectors
                  1             2             3
       1     -1.000000      0.000000      0.000000
       2      0.000000     -1.000000      0.000000
       3      0.000000      0.000000     -1.000000

 inertia Eigenvalues
       1        6.261459
       2        6.261459
       3        0.000000

 inertia Eigenvectors
                  1             2             3
       1      1.000000      0.000000      0.000000
       2      0.000000      1.000000      0.000000
       3      0.000000      0.000000      1.000000

 Overall rotation vectors:
                  1             2             3
       1      0.000000      0.000000      0.000000
       2      0.000000      0.000000      0.000000
       3      0.000000      0.000000      0.000000
       4      0.000000      1.769387      0.000000
       5     -1.769387      0.000000      0.000000
       6      0.000000      0.000000      0.000000
       7      0.000000     -1.769387      0.000000
       8      1.769387      0.000000      0.000000
       9      0.000000      0.000000      0.000000
  After momentsOfIneria: nRot=                        2

 RotVecs
                  1             2             3
       1      0.000000      0.000000      0.000000
       2      0.000000      0.000000      0.000000
       3      0.000000      0.000000      0.000000
       4      0.000000      1.769387      0.000000
       5     -1.769387      0.000000      0.000000
       6      0.000000      0.000000      0.000000
       7      0.000000     -1.769387      0.000000
       8      1.769387      0.000000      0.000000
       9      0.000000      0.000000      0.000000
  Hrant - vectorMagnitude=    2.502290807308938     
  Hrant - MQC_small      =   9.9999999999999995E-007
  Hrant - vectorMagnitude=    2.502290807308938     
  Hrant - MQC_small      =   9.9999999999999995E-007
  Hrant - vectorMagnitude=    0.000000000000000     
  Hrant - MQC_small      =   9.9999999999999995E-007

 RotVecs after normalization
                  1             2             3
       1      0.000000      0.000000      0.000000
       2      0.000000      0.000000      0.000000
       3      0.000000      0.000000      0.000000
       4      0.000000      0.707107      0.000000
       5     -0.707107      0.000000      0.000000
       6      0.000000      0.000000      0.000000
       7      0.000000     -0.707107      0.000000
       8      0.707107      0.000000      0.000000
       9      0.000000      0.000000      0.000000

 Projection Vectors
                  1             2             3             4             5             6
       1      0.942383      0.000000      0.000000      0.000000      0.000000      0.000000
       2      0.000000      0.942383      0.000000      0.000000      0.000000      0.000000
       3      0.000000      0.000000      0.942383      0.000000      0.000000      0.000000
       4      0.236553      0.000000      0.000000      0.000000      0.707107      0.000000
       5      0.000000      0.236553      0.000000     -0.707107      0.000000      0.000000
       6      0.000000      0.000000      0.236553      0.000000      0.000000      0.000000
       7      0.236553      0.000000      0.000000      0.000000     -0.707107      0.000000
       8      0.000000      0.236553      0.000000      0.707107      0.000000      0.000000
       9      0.000000      0.000000      0.236553      0.000000      0.000000      0.000000

 Projection Matrix -- Version 0
                  1             2             3             4             5             6             7             8             9
       1      0.888085      0.000000      0.000000      0.222924      0.000000      0.000000      0.222924      0.000000      0.000000
       2      0.000000      0.888085      0.000000      0.000000      0.222924      0.000000      0.000000      0.222924      0.000000
       3      0.000000      0.000000      0.888085      0.000000      0.000000      0.222924      0.000000      0.000000      0.222924
       4      0.222924      0.000000      0.000000      0.555957      0.000000      0.000000     -0.444043      0.000000      0.000000
       5      0.000000      0.222924      0.000000      0.000000      0.555957      0.000000      0.000000     -0.444043      0.000000
       6      0.000000      0.000000      0.222924      0.000000      0.000000      0.055957      0.000000      0.000000      0.055957
       7      0.222924      0.000000      0.000000     -0.444043      0.000000      0.000000      0.555957      0.000000      0.000000
       8      0.000000      0.222924      0.000000      0.000000     -0.444043      0.000000      0.000000      0.555957      0.000000
       9      0.000000      0.000000      0.222924      0.000000      0.000000      0.055957      0.000000      0.000000      0.055957

 Projection Matrix -- FINAL
                  1             2             3             4             5             6             7             8             9
       1      0.111915      0.000000      0.000000     -0.222924      0.000000      0.000000     -0.222924      0.000000      0.000000
       2      0.000000      0.111915      0.000000      0.000000     -0.222924      0.000000      0.000000     -0.222924      0.000000
       3      0.000000      0.000000      0.111915      0.000000      0.000000     -0.222924      0.000000      0.000000     -0.222924
       4     -0.222924      0.000000      0.000000      0.444043      0.000000      0.000000      0.444043      0.000000      0.000000
       5      0.000000     -0.222924      0.000000      0.000000      0.444043      0.000000      0.000000      0.444043      0.000000
       6      0.000000      0.000000     -0.222924      0.000000      0.000000      0.944043      0.000000      0.000000     -0.055957
       7     -0.222924      0.000000      0.000000      0.444043      0.000000      0.000000      0.444043      0.000000      0.000000
       8      0.000000     -0.222924      0.000000      0.000000      0.444043      0.000000      0.000000      0.444043      0.000000
       9      0.000000      0.000000     -0.222924      0.000000      0.000000     -0.055957      0.000000      0.000000      0.944043
  Hrant - NEW CODE...

 Projected MW Hessian after scaleHess
                  1             2             3             4             5             6             7             8             9
       1    -10.367107      0.000000      0.000000     20.650281      0.000000      0.000000     20.650281      0.000000      0.000000
       2      0.000000    -10.367107      0.000000      0.000000     20.650281      0.000000      0.000000     20.650281      0.000000
       3      0.000000      0.000000     59.142199      0.000000      0.000000   -117.805580      0.000000      0.000000   -117.805580
       4     20.650281      0.000000      0.000000    -41.133376      0.000000      0.000000    -41.133376      0.000000      0.000000
       5      0.000000     20.650281      0.000000      0.000000    -41.133376      0.000000      0.000000    -41.133376      0.000000
       6      0.000000      0.000000   -117.805580      0.000000      0.000000    449.250067      0.000000      0.000000     20.064738
       7     20.650281      0.000000      0.000000    -41.133376      0.000000      0.000000    -41.133376      0.000000      0.000000
       8      0.000000     20.650281      0.000000      0.000000    -41.133376      0.000000      0.000000    -41.133376      0.000000
       9      0.000000      0.000000   -117.805580      0.000000      0.000000     20.064738      0.000000      0.000000    449.250067
  Hrant - lenWork is calculated to be                       603
  Hrant - iError =                         0
 
 
 
  *******************************************
 
 
  i =                         1
    eVal from SVD:                528.4570034978663     
    eVal after re-evaluation:     528.4570034978664     
 
  i =                         2
    eVal from SVD:                429.1853282766884     
    eVal after re-evaluation:     429.1853282766884     
 
  i =                         3
    eVal from SVD:                92.63385799539518     
    eVal after re-evaluation:    -92.63385799539516     
 
  i =                         4
    eVal from SVD:                92.63385799534463     
    eVal after re-evaluation:    -92.63385799534460     
 
  i =                         5
    eVal from SVD:               7.0067009217115322E-014
    eVal after re-evaluation:    5.3483324965658505E-015
 
  i =                         6
    eVal from SVD:               4.9488048746534607E-015
    eVal after re-evaluation:    4.3774080197082925E-018
 
  i =                         7
    eVal from SVD:               3.4464294496655230E-015
    eVal after re-evaluation:    1.6400109346005968E-015
 
  i =                         8
    eVal from SVD:               9.6967724347694794E-016
    eVal after re-evaluation:    2.5853595144662085E-015
 
  i =                         9
    eVal from SVD:               8.9859530792122179E-018
    eVal after re-evaluation:    2.1240147461727839E-017
 
  *******************************************
 
 
 

 mySVD: Left Eigenvectors
                  1             2             3             4             5             6             7             8             9
       1      0.000000      0.000000     -0.334537      0.000000     -0.007117      0.935807      0.098738     -0.050511      0.000013
       2      0.000000      0.000000      0.000000     -0.334537      0.445197     -0.077963      0.821098      0.097924      0.003833
       3     -0.334537      0.000000      0.000000      0.000000      0.830513      0.050479     -0.440406     -0.042706     -0.002182
       4      0.000000      0.000000      0.666365      0.000000     -0.002357      0.237854      0.022653      0.037742     -0.705294
       5      0.000000      0.000000      0.000000      0.666365      0.118539     -0.065268      0.281772     -0.675131     -0.049485
       6      0.666365      0.707107      0.000000      0.000000      0.208472      0.012671     -0.110549     -0.010720     -0.000548
       7      0.000000      0.000000      0.666365      0.000000     -0.001217      0.231951      0.026916     -0.063100      0.705300
       8      0.000000      0.000000      0.000000      0.666365      0.104964      0.026128      0.130445      0.724292      0.051410
       9      0.666365     -0.707107      0.000000      0.000000      0.208472      0.012671     -0.110549     -0.010720     -0.000548

 mySVD: Right Eigenvectors
                  1             2             3             4             5             6             7             8             9
       1      0.000000      0.000000      0.334537      0.000000      0.000000     -0.666365      0.000000      0.000000     -0.666365
       2      0.000000      0.000000      0.000000      0.000000      0.000000      0.707107      0.000000      0.000000     -0.707107
       3      0.334537      0.000000      0.000000     -0.666365      0.000000      0.000000     -0.666365      0.000000      0.000000
       4      0.000000      0.334537      0.000000      0.000000     -0.666365      0.000000      0.000000     -0.666365      0.000000
       5     -0.000483      0.005517     -0.941790      0.010512      0.023702     -0.236405     -0.010755     -0.020932     -0.236405
       6     -0.898980      0.193766      0.006433     -0.077821      0.093119      0.001615     -0.373496      0.004158      0.001615
       7      0.136200      0.256709      0.031057      0.109295      0.732472      0.007796     -0.040918     -0.603596      0.007796
       8     -0.247639     -0.580338     -0.004174     -0.544301      0.062624     -0.001048      0.419978     -0.353972     -0.001048
       9     -0.006701      0.669192     -0.009632     -0.491510      0.079290     -0.002418      0.488146      0.256666     -0.002418

 EVals after hMatMW SVD
       1      528.457003
       2      429.185328
       3      -92.633858
       4      -92.633858
       5        0.000000
       6        0.000000
       7        0.000000
       8        0.000000
       9        0.000000

 Un-MW Left Eigenvectors
                  1             2             3             4             5             6             7             8             9
       1      0.000000      0.000000     -0.083647      0.000000     -0.001780      0.233989      0.024688     -0.012630      0.000003
       2      0.000000      0.000000      0.000000     -0.083647      0.111317     -0.019494      0.205307      0.024485      0.000958
       3     -0.083647      0.000000      0.000000      0.000000      0.207661      0.012622     -0.110119     -0.010678     -0.000546
       4      0.000000      0.000000      0.663773      0.000000     -0.002347      0.236929      0.022565      0.037596     -0.702551
       5      0.000000      0.000000      0.000000      0.663773      0.118078     -0.065014      0.280676     -0.672505     -0.049293
       6      0.663773      0.704356      0.000000      0.000000      0.207661      0.012622     -0.110119     -0.010678     -0.000546
       7      0.000000      0.000000      0.663773      0.000000     -0.001212      0.231049      0.026812     -0.062855      0.702557
       8      0.000000      0.000000      0.000000      0.663773      0.104556      0.026026      0.129938      0.721474      0.051210
       9      0.663773     -0.704356      0.000000      0.000000      0.207661      0.012622     -0.110119     -0.010678     -0.000546

 Eigenvalues (cm-1)
       1     5045.325118
       2     4546.809533
       3    -2112.366173
       4    -2112.366173
       5        0.000016
       6        0.000000
       7        0.000009
       8        0.000011
       9        0.000001
  END OF VIBANALYSIS
