 Enter VibAnalysis.
   Matrix File: test004.mat

 nAtoms=   3

 force constant matrix
                  1             2             3             4             5             6             7             8             9
       1     -0.014057      0.000000      0.000000      0.007029      0.000000      0.000000      0.007029      0.000000      0.000000
       2      0.000000      0.625421      0.000000      0.000000     -0.312711      0.280145      0.000000     -0.312711     -0.280145
       3      0.000000      0.000000      0.547158      0.000000      0.177175     -0.273579      0.000000     -0.177175     -0.273579
       4      0.007029      0.000000      0.000000     -0.009027      0.000000      0.000000      0.001998      0.000000      0.000000
       5      0.000000     -0.312711      0.177175      0.000000      0.347433     -0.228660      0.000000     -0.034723      0.051485
       6      0.000000      0.280145     -0.273579      0.000000     -0.228660      0.260880      0.000000     -0.051485      0.012699
       7      0.007029      0.000000      0.000000      0.001998      0.000000      0.000000     -0.009027      0.000000      0.000000
       8      0.000000     -0.312711     -0.177175      0.000000     -0.034723     -0.051485      0.000000      0.347433      0.228660
       9      0.000000     -0.280145     -0.273579      0.000000      0.051485      0.012699      0.000000      0.228660      0.260880

 Hessian-FULL
                  1             2             3             4             5             6             7             8             9
       1     -0.014057      0.000000      0.000000      0.007029      0.000000      0.000000      0.007029      0.000000      0.000000
       2      0.000000      0.625421      0.000000      0.000000     -0.312711      0.280145      0.000000     -0.312711     -0.280145
       3      0.000000      0.000000      0.547158      0.000000      0.177175     -0.273579      0.000000     -0.177175     -0.273579
       4      0.007029      0.000000      0.000000     -0.009027      0.000000      0.000000      0.001998      0.000000      0.000000
       5      0.000000     -0.312711      0.177175      0.000000      0.347433     -0.228660      0.000000     -0.034723      0.051485
       6      0.000000      0.280145     -0.273579      0.000000     -0.228660      0.260880      0.000000     -0.051485      0.012699
       7      0.007029      0.000000      0.000000      0.001998      0.000000      0.000000     -0.009027      0.000000      0.000000
       8      0.000000     -0.312711     -0.177175      0.000000     -0.034723     -0.051485      0.000000      0.347433      0.228660
       9      0.000000     -0.280145     -0.273579      0.000000      0.051485      0.012699      0.000000      0.228660      0.260880

 Atomic Masses
       1       15.994915
       2        1.007825
       3        1.007825

 Hessian-FULL after MW'ing
                  1             2             3             4             5             6             7             8             9
       1     -0.000879      0.000000      0.000000      0.001751      0.000000      0.000000      0.001751      0.000000      0.000000
       2      0.000000      0.039101      0.000000      0.000000     -0.077886      0.069775      0.000000     -0.077886     -0.069775
       3      0.000000      0.000000      0.034208      0.000000      0.044128     -0.068140      0.000000     -0.044128     -0.068140
       4      0.001751      0.000000      0.000000     -0.008957      0.000000      0.000000      0.001983      0.000000      0.000000
       5      0.000000     -0.077886      0.044128      0.000000      0.344736     -0.226885      0.000000     -0.034453      0.051085
       6      0.000000      0.069775     -0.068140      0.000000     -0.226885      0.258854      0.000000     -0.051085      0.012600
       7      0.001751      0.000000      0.000000      0.001983      0.000000      0.000000     -0.008957      0.000000      0.000000
       8      0.000000     -0.077886     -0.044128      0.000000     -0.034453     -0.051085      0.000000      0.344736      0.226885
       9      0.000000     -0.069775     -0.068140      0.000000      0.051085      0.012600      0.000000      0.226885      0.258854

 Hessian-FULL after scaleHess
                  1             2             3             4             5             6             7             8             9
       1     -0.482122      0.000000      0.000000      0.960342      0.000000      0.000000      0.960342      0.000000      0.000000
       2      0.000000     21.450156      0.000000      0.000000    -42.726652     38.277148      0.000000    -42.726652    -38.277148
       3      0.000000      0.000000     18.765954      0.000000     24.208007    -37.379979      0.000000    -24.208007    -37.379979
       4      0.960342      0.000000      0.000000     -4.913394      0.000000      0.000000      1.087577      0.000000      0.000000
       5      0.000000    -42.726652     24.208007      0.000000    189.115040   -124.464428      0.000000    -18.900267     28.024378
       6      0.000000     38.277148    -37.379979      0.000000   -124.464428    142.002377      0.000000    -28.024378      6.912280
       7      0.960342      0.000000      0.000000      1.087577      0.000000      0.000000     -4.913394      0.000000      0.000000
       8      0.000000    -42.726652    -24.208007      0.000000    -18.900267    -28.024378      0.000000    189.115040    124.464428
       9      0.000000    -38.277148    -37.379979      0.000000     28.024378      6.912280      0.000000    124.464428    142.002377
  Hrant - lenWork is calculated to be                       603
  Hrant - iError =                         0
 
 
 
  *******************************************
 
 
  i =                         1
    eVal from SVD:                327.6434372112028     
    eVal after re-evaluation:     327.6434372112028     
 
  i =                         2
    eVal from SVD:                292.1526108422111     
    eVal after re-evaluation:     292.1526108422112     
 
  i =                         3
    eVal from SVD:                83.54330741628927     
    eVal after re-evaluation:     83.54330741628930     
 
  i =                         4
    eVal from SVD:                6.000971661189451     
    eVal after re-evaluation:    -6.000971661189444     
 
  i =                         5
    eVal from SVD:                4.307939346018699     
    eVal after re-evaluation:    -4.307939346018702     
 
  i =                         6
    eVal from SVD:               0.8884109221196317     
    eVal after re-evaluation:   -0.8884109221196395     
 
  i =                         7
    eVal from SVD:               5.9794419925538636E-011
    eVal after re-evaluation:    5.9794471876299796E-011
 
  i =                         8
    eVal from SVD:               4.9480238856682043E-011
    eVal after re-evaluation:   -4.9478005440623815E-011
 
  i =                         9
    eVal from SVD:               5.5032591389178417E-012
    eVal after re-evaluation:    5.5075528052943411E-012
 
  *******************************************
 
 
 

 mySVD: Left Eigenvectors
                  1             2             3             4             5             6             7             8             9
       1      0.000000      0.000000      0.000000      0.000000     -0.334537      0.000000      0.942383     -0.000343      0.000022
       2     -0.256112      0.000000      0.000000      0.000000      0.000000      0.215224     -0.000022      0.000424      0.942383
       3      0.000000      0.212457     -0.258412      0.000000      0.000000      0.000000      0.000343      0.942383     -0.000424
       4      0.000000      0.000000      0.000000      0.707107      0.666365      0.000000      0.236553     -0.000086      0.000005
       5      0.510151      0.546203      0.449068      0.000000      0.000000     -0.428705     -0.000005      0.000106      0.236553
       6     -0.454916     -0.423194      0.514732      0.000000      0.000000     -0.541342      0.000086      0.236553     -0.000106
       7      0.000000      0.000000      0.000000     -0.707107      0.666365      0.000000      0.236553     -0.000086      0.000005
       8      0.510151     -0.546203     -0.449068      0.000000      0.000000     -0.428705     -0.000005      0.000106      0.236553
       9      0.454916     -0.423194      0.514732      0.000000      0.000000      0.541342      0.000086      0.236553     -0.000106

 mySVD: Right Eigenvectors
                  1             2             3             4             5             6             7             8             9
       1      0.000000      0.256112      0.000000      0.000000     -0.510151      0.454916      0.000000     -0.510151     -0.454916
       2      0.000000      0.000000      0.212457      0.000000      0.546203     -0.423194      0.000000     -0.546203     -0.423194
       3      0.000000      0.000000     -0.258412      0.000000      0.449068      0.514732      0.000000     -0.449068      0.514732
       4      0.000000      0.000000      0.000000     -0.707107      0.000000      0.000000      0.707107      0.000000      0.000000
       5     -0.334537      0.000000      0.000000      0.666365      0.000000      0.000000      0.666365      0.000000      0.000000
       6      0.000000     -0.215224      0.000000      0.000000      0.428705      0.541342      0.000000      0.428705     -0.541342
       7      0.942383     -0.000104     -0.000402      0.236553     -0.000026     -0.000101      0.236553     -0.000026     -0.000101
       8     -0.000402     -0.000429     -0.942383     -0.000101     -0.000108     -0.236553     -0.000101     -0.000108     -0.236553
       9      0.000104      0.942383     -0.000429      0.000026      0.236553     -0.000108      0.000026      0.236553     -0.000108

 MW Eigenvalues
       1      327.643437
       2      292.152611
       3       83.543307
       4       -6.000972
       5       -4.307939
       6       -0.888411
       7        0.000000
       8        0.000000
       9        0.000000

 MW Left Eigenvectors
                  1             2             3             4             5             6             7             8             9
       1      0.000000      0.000000      0.000000      0.000000     -0.334537      0.000000      0.942383     -0.000343      0.000022
       2     -0.256112      0.000000      0.000000      0.000000      0.000000      0.215224     -0.000022      0.000424      0.942383
       3      0.000000      0.212457     -0.258412      0.000000      0.000000      0.000000      0.000343      0.942383     -0.000424
       4      0.000000      0.000000      0.000000      0.707107      0.666365      0.000000      0.236553     -0.000086      0.000005
       5      0.510151      0.546203      0.449068      0.000000      0.000000     -0.428705     -0.000005      0.000106      0.236553
       6     -0.454916     -0.423194      0.514732      0.000000      0.000000     -0.541342      0.000086      0.236553     -0.000106
       7      0.000000      0.000000      0.000000     -0.707107      0.666365      0.000000      0.236553     -0.000086      0.000005
       8      0.510151     -0.546203     -0.449068      0.000000      0.000000     -0.428705     -0.000005      0.000106      0.236553
       9      0.454916     -0.423194      0.514732      0.000000      0.000000      0.541342      0.000086      0.236553     -0.000106

 MW Eigenvalues (cm-1)
       1     3972.693547
       2     3751.364067
       3     2006.042642
       4     -537.644387
       5     -455.532239
       6     -206.867027
       7        0.001697
       8       -0.001544
       9        0.000515
  Hrant - vectorMagnitude=    4.243885567967166     
  Hrant - MQC_small      =   9.9999999999999995E-007
  Hrant - vectorMagnitude=    4.243885567967166     
  Hrant - MQC_small      =   9.9999999999999995E-007
  Hrant - vectorMagnitude=    4.243885567967166     
  Hrant - MQC_small      =   9.9999999999999995E-007

 MW translational projection vector.
                  1             2             3
       1      0.942383      0.000000      0.000000
       2      0.000000      0.942383      0.000000
       3      0.000000      0.000000      0.942383
       4      0.236553      0.000000      0.000000
       5      0.000000      0.236553      0.000000
       6      0.000000      0.000000      0.236553
       7      0.236553      0.000000      0.000000
       8      0.000000      0.236553      0.000000
       9      0.000000      0.000000      0.236553
 
 
  Calling MoI Routine...
 
 
 
 

 input cartesians (au)
       1        0.000000
       2        0.000000
       3        0.253515
       4        0.000000
       5        1.454241
       6       -1.014059
       7        0.000000
       8       -1.454241
       9       -1.014059

 before moving to COM, carts:
       1        0.000000
       2        0.000000
       3        0.253515
       4        0.000000
       5        1.454241
       6       -1.014059
       7        0.000000
       8       -1.454241
       9       -1.014059
  Hrant - i       =                        1
          iCartOff=                        0
  Hrant - i       =                        2
          iCartOff=                        3
  Hrant - i       =                        3
          iCartOff=                        6

 COM (au)
       1        0.000000
       2        0.000000
       3        0.111654

 cartesiansCOM (au)
       1        0.000000
       2        0.000000
       3        0.141860
       4        0.000000
       5        1.454241
       6       -1.125714
       7        0.000000
       8       -1.454241
       9       -1.125714

 Inertia Matrix:
                  1             2             3
       1      7.138913      0.000000      0.000000
       2      0.000000      2.876183      0.000000
       3      0.000000      0.000000      4.262729
  Hrant - lenWork is calculated to be                       201
  Hrant - iError =                         0
 
 
 
  *******************************************
 
 
  i =                         1
    eVal from SVD:                7.138912540574843     
    eVal after re-evaluation:     7.138912540574843     
 
  i =                         2
    eVal from SVD:                4.262729479814687     
    eVal after re-evaluation:     4.262729479814689     
 
  i =                         3
    eVal from SVD:                2.876183060760158     
    eVal after re-evaluation:     2.876183060760158     
 
  *******************************************
 
 
 

 mySVD: Left Eigenvectors
                  1             2             3
       1      1.000000      0.000000      0.000000
       2      0.000000      0.000000      1.000000
       3      0.000000      1.000000      0.000000

 mySVD: Right Eigenvectors
                  1             2             3
       1     -1.000000      0.000000      0.000000
       2      0.000000      0.000000     -1.000000
       3      0.000000     -1.000000      0.000000

 inertia Eigenvalues
       1        7.138913
       2        4.262729
       3        2.876183

 inertia Eigenvectors
                  1             2             3
       1      1.000000      0.000000      0.000000
       2      0.000000      0.000000      1.000000
       3      0.000000      1.000000      0.000000

 Overall rotation vectors:
                  1             2             3
       1      0.000000      0.000000     -0.567351
       2      0.567351      0.000000      0.000000
       3      0.000000      0.000000      0.000000
       4      0.000000      1.459919      1.130110
       5     -1.130110      0.000000      0.000000
       6     -1.459919      0.000000      0.000000
       7      0.000000     -1.459919      1.130110
       8     -1.130110      0.000000      0.000000
       9      1.459919      0.000000      0.000000
  After momentsOfIneria: nRot=                        3

 RotVecs
                  1             2             3
       1      0.000000      0.000000     -0.567351
       2      0.567351      0.000000      0.000000
       3      0.000000      0.000000      0.000000
       4      0.000000      1.459919      1.130110
       5     -1.130110      0.000000      0.000000
       6     -1.459919      0.000000      0.000000
       7      0.000000     -1.459919      1.130110
       8     -1.130110      0.000000      0.000000
       9      1.459919      0.000000      0.000000
  Hrant - vectorMagnitude=    2.671874349698138     
  Hrant - MQC_small      =   9.9999999999999995E-007
  Hrant - vectorMagnitude=    2.064637856820098     
  Hrant - MQC_small      =   9.9999999999999995E-007
  Hrant - vectorMagnitude=    1.695931325484661     
  Hrant - MQC_small      =   9.9999999999999995E-007

 RotVecs after normalization
                  1             2             3
       1      0.000000      0.000000     -0.334537
       2      0.212342      0.000000      0.000000
       3      0.000000      0.000000      0.000000
       4      0.000000      0.707107      0.666365
       5     -0.422965      0.000000      0.000000
       6     -0.546403      0.000000      0.000000
       7      0.000000     -0.707107      0.666365
       8     -0.422965      0.000000      0.000000
       9      0.546403      0.000000      0.000000

 Projection Vectors
                  1             2             3             4             5             6
       1      0.942383      0.000000      0.000000      0.000000      0.000000     -0.334537
       2      0.000000      0.942383      0.000000      0.212342      0.000000      0.000000
       3      0.000000      0.000000      0.942383      0.000000      0.000000      0.000000
       4      0.236553      0.000000      0.000000      0.000000      0.707107      0.666365
       5      0.000000      0.236553      0.000000     -0.422965      0.000000      0.000000
       6      0.000000      0.000000      0.236553     -0.546403      0.000000      0.000000
       7      0.236553      0.000000      0.000000      0.000000     -0.707107      0.666365
       8      0.000000      0.236553      0.000000     -0.422965      0.000000      0.000000
       9      0.000000      0.000000      0.236553      0.546403      0.000000      0.000000

 Projection Matrix -- Version 0
                  1             2             3             4             5             6             7             8             9
       1      1.000000      0.000000      0.000000      0.000000      0.000000      0.000000      0.000000      0.000000      0.000000
       2      0.000000      0.933174      0.000000      0.000000      0.133110     -0.116024      0.000000      0.133110      0.116024
       3      0.000000      0.000000      0.888085      0.000000      0.000000      0.222924      0.000000      0.000000      0.222924
       4      0.000000      0.000000      0.000000      1.000000      0.000000      0.000000      0.000000      0.000000      0.000000
       5      0.000000      0.133110      0.000000      0.000000      0.234857      0.231109      0.000000      0.234857     -0.231109
       6      0.000000     -0.116024      0.222924      0.000000      0.231109      0.354513      0.000000      0.231109     -0.242599
       7      0.000000      0.000000      0.000000      0.000000      0.000000      0.000000      1.000000      0.000000      0.000000
       8      0.000000      0.133110      0.000000      0.000000      0.234857      0.231109      0.000000      0.234857     -0.231109
       9      0.000000      0.116024      0.222924      0.000000     -0.231109     -0.242599      0.000000     -0.231109      0.354513

 Projection Matrix -- FINAL
                  1             2             3             4             5             6             7             8             9
       1      0.000000      0.000000      0.000000      0.000000      0.000000      0.000000      0.000000      0.000000      0.000000
       2      0.000000      0.066826      0.000000      0.000000     -0.133110      0.116024      0.000000     -0.133110     -0.116024
       3      0.000000      0.000000      0.111915      0.000000      0.000000     -0.222924      0.000000      0.000000     -0.222924
       4      0.000000      0.000000      0.000000      0.000000      0.000000      0.000000      0.000000      0.000000      0.000000
       5      0.000000     -0.133110      0.000000      0.000000      0.765143     -0.231109      0.000000     -0.234857      0.231109
       6      0.000000      0.116024     -0.222924      0.000000     -0.231109      0.645487      0.000000     -0.231109      0.242599
       7      0.000000      0.000000      0.000000      0.000000      0.000000      0.000000      0.000000      0.000000      0.000000
       8      0.000000     -0.133110      0.000000      0.000000     -0.234857     -0.231109      0.000000      0.765143      0.231109
       9      0.000000     -0.116024     -0.222924      0.000000      0.231109      0.242599      0.000000      0.231109      0.645487
  Hrant - NEW CODE...

 Projected MW Hessian after scaleHess
                  1             2             3             4             5             6             7             8             9
       1      0.000000      0.000000      0.000000      0.000000      0.000000      0.000000      0.000000      0.000000      0.000000
       2      0.000000     21.892249      0.000000      0.000000    -43.607257     38.009823      0.000000    -43.607257    -38.009823
       3      0.000000      0.000000     18.765954      0.000000     24.208007    -37.379979      0.000000    -24.208007    -37.379979
       4      0.000000      0.000000      0.000000      0.000000      0.000000      0.000000      0.000000      0.000000      0.000000
       5      0.000000    -43.607257     24.208007      0.000000    190.869122   -123.931942      0.000000    -17.146185     27.491892
       6      0.000000     38.009823    -37.379979      0.000000   -123.931942    140.450853      0.000000    -27.491892      8.463804
       7      0.000000      0.000000      0.000000      0.000000      0.000000      0.000000      0.000000      0.000000      0.000000
       8      0.000000    -43.607257    -24.208007      0.000000    -17.146185    -27.491892      0.000000    190.869122    123.931942
       9      0.000000    -38.009823    -37.379979      0.000000     27.491892      8.463804      0.000000    123.931942    140.450853
  Hrant - lenWork is calculated to be                       603
  Hrant - iError =                         0
 
 
 
  *******************************************
 
 
  i =                         1
    eVal from SVD:                327.6022338418059     
    eVal after re-evaluation:     327.6022338418058     
 
  i =                         2
    eVal from SVD:                292.1526108422111     
    eVal after re-evaluation:     292.1526108422109     
 
  i =                         3
    eVal from SVD:                83.54330741628927     
    eVal after re-evaluation:     83.54330741628922     
 
  i =                         4
    eVal from SVD:               1.9890940673313106E-014
    eVal after re-evaluation:   -2.0890115042566328E-015
 
  i =                         5
    eVal from SVD:               1.4524880934145339E-014
    eVal after re-evaluation:    2.0365358558580532E-015
 
  i =                         6
    eVal from SVD:               6.1946619614369062E-015
    eVal after re-evaluation:   -1.0557443379528918E-015
 
  i =                         7
    eVal from SVD:               2.6822219039799719E-029
    eVal after re-evaluation:   -6.5888260294495977E-015
 
  i =                         8
    eVal from SVD:               3.5578439551903182E-031
    eVal after re-evaluation:   -5.2811109079090709E-018
 
  i =                         9
    eVal from SVD:               5.1360061343430822E-032
    eVal after re-evaluation:   -9.6593286180458209E-017
 
  *******************************************
 
 
 

 mySVD: Left Eigenvectors
                  1             2             3             4             5             6             7             8             9
       1      0.000000      0.000000      0.000000      0.824491      0.304119     -0.141781     -0.453578      0.010778      0.042133
       2     -0.258507      0.000000      0.000000      0.195594      0.488969      0.654788      0.474353     -0.011272     -0.044063
       3      0.000000      0.212457     -0.258412     -0.153414      0.599448     -0.634685      0.318519     -0.007569     -0.029587
       4      0.000000      0.000000      0.000000      0.000000      0.000000      0.000000      0.089184     -0.114555      0.989406
       5      0.514920      0.546203      0.449068      0.261467     -0.161013     -0.026737      0.372260     -0.008846     -0.034579
       6     -0.448825     -0.423194      0.514732      0.205135     -0.175067     -0.378557      0.370429     -0.008802     -0.034409
       7      0.000000      0.000000      0.000000      0.000000      0.000000      0.000000      0.033996      0.993135      0.111923
       8      0.514920     -0.546203     -0.449068      0.261467     -0.161013     -0.026737      0.372260     -0.008846     -0.034579
       9      0.448825     -0.423194      0.514732     -0.282154      0.476009      0.059925     -0.210522      0.005002      0.019555

 mySVD: Right Eigenvectors
                  1             2             3             4             5             6             7             8             9
       1      0.000000     -0.258507      0.000000      0.000000      0.514920     -0.448825      0.000000      0.514920      0.448825
       2      0.000000      0.000000      0.212457      0.000000      0.546203     -0.423194      0.000000     -0.546203     -0.423194
       3      0.000000      0.000000      0.258412      0.000000     -0.449068     -0.514732      0.000000      0.449068     -0.514732
       4      0.000000     -0.828209      0.463463      0.000000     -0.047547      0.300296      0.000000     -0.047547     -0.067623
       5      0.000000     -0.495909     -0.790204      0.000000     -0.155589     -0.234042      0.000000     -0.155589     -0.162666
       6      0.000000      0.036306     -0.221054      0.000000      0.456496      0.457777      0.000000      0.456496     -0.568753
       7     -0.052961      0.000000      0.000000     -0.998462      0.000000      0.000000     -0.016395      0.000000      0.000000
       8     -0.004877      0.000000      0.000000      0.016677      0.000000      0.000000     -0.999849      0.000000      0.000000
       9      0.998585      0.000000      0.000000     -0.052873      0.000000      0.000000     -0.005753      0.000000      0.000000

 EVals after hMatMW SVD
       1      327.602234
       2      292.152611
       3       83.543307
       4        0.000000
       5        0.000000
       6        0.000000
       7        0.000000
       8        0.000000
       9        0.000000

 Un-MW Left Eigenvectors
                  1             2             3             4             5             6             7             8             9
       1      0.000000      0.000000      0.000000      0.206156      0.076042     -0.035451     -0.113412      0.002695      0.010535
       2     -0.064637      0.000000      0.000000      0.048906      0.122262      0.163723      0.118607     -0.002818     -0.011017
       3      0.000000      0.053123     -0.064613     -0.038360      0.149886     -0.158696      0.079642     -0.001892     -0.007398
       4      0.000000      0.000000      0.000000      0.000000      0.000000      0.000000      0.088837     -0.114109      0.985557
       5      0.512918      0.544078      0.447322      0.260450     -0.160386     -0.026633      0.370812     -0.008811     -0.034445
       6     -0.447079     -0.421548      0.512730      0.204337     -0.174386     -0.377085      0.368988     -0.008768     -0.034275
       7      0.000000      0.000000      0.000000      0.000000      0.000000      0.000000      0.033863      0.989272      0.111487
       8      0.512918     -0.544078     -0.447322      0.260450     -0.160386     -0.026633      0.370812     -0.008811     -0.034445
       9      0.447079     -0.421548      0.512730     -0.281056      0.474157      0.059692     -0.209703      0.004983      0.019479

 Eigenvalues (cm-1)
       1     3972.443743
       2     3751.364067
       3     2006.042642
       4       -0.000010
       5        0.000010
       6       -0.000007
       7       -0.000018
       8       -0.000001
       9       -0.000002
  END OF VIBANALYSIS
