 Enter VibAnalysis.
   Matrix File: test001.mat

 nAtoms=   9

 force constant matrix
                  1             2             3             4             5             6             7             8             9            10
       1      0.706080      0.032772      0.014338     -0.289194     -0.174143     -0.013723     -0.074010      0.008200     -0.008438     -0.072272
       2      0.032772      0.811595     -0.037021     -0.119948     -0.196722      0.029126      0.011728     -0.239839      0.181174      0.008807
       3      0.014338     -0.037021      0.878624     -0.080285     -0.025204     -0.119916     -0.012346      0.180148     -0.292605      0.015429
       4     -0.289194     -0.119948     -0.080285      0.399146      0.191099      0.103852      0.002451     -0.002041      0.003660     -0.010701
       5     -0.174143     -0.196722     -0.025204      0.191099      0.481666     -0.296084     -0.028845     -0.018373     -0.003932     -0.028348
       6     -0.013723      0.029126     -0.119916      0.103852     -0.296084      0.487316      0.032821      0.021122      0.010129     -0.035691
       7     -0.074010      0.011728     -0.012346      0.002451     -0.028845      0.032821      0.080402     -0.001915      0.006619      0.001815
       8      0.008200     -0.239839      0.180148     -0.002041     -0.018373      0.021122     -0.001915      0.251438     -0.195937     -0.000309
       9     -0.008438      0.181174     -0.292605      0.003660     -0.003932      0.010129      0.006619     -0.195937      0.291669     -0.002420
      10     -0.072272      0.008807      0.015429     -0.010701     -0.028348     -0.035691      0.001815     -0.000309     -0.002420      0.082045
      11      0.013142     -0.167541     -0.148861     -0.013601     -0.015314     -0.024076     -0.001758      0.019129      0.028713     -0.004086
      12      0.016812     -0.146801     -0.351549     -0.005203     -0.003396      0.002510      0.002778     -0.020760     -0.019465     -0.010879
      13     -0.240241      0.091633      0.013091     -0.047923      0.006001     -0.002655     -0.000374      0.000140      0.001984     -0.000316
      14      0.089360     -0.177842     -0.003610     -0.030949      0.014671      0.000007      0.026120     -0.011508     -0.006645      0.019993
      15      0.007457     -0.004682     -0.127772     -0.004842      0.003242      0.005940     -0.030914      0.016967      0.006839      0.036404
      16     -0.008019     -0.046836      0.048036     -0.055451      0.032076     -0.084297     -0.007576     -0.004909     -0.002635      0.002226
      17      0.012269     -0.024726      0.035687     -0.027781     -0.266275      0.269661     -0.006616     -0.002356     -0.002304      0.002187
      18     -0.018797     -0.020423      0.002219     -0.016938      0.325447     -0.386819     -0.001208     -0.000654      0.001625     -0.000539
      19     -0.022835     -0.026031     -0.002734     -0.005730      0.003656      0.000105      0.002057     -0.000520     -0.000197      0.002314
      20      0.021221      0.018630      0.001809      0.006356     -0.001478      0.000265     -0.000915      0.000927     -0.000068     -0.000984
      21      0.002164      0.001912     -0.000544      0.000341     -0.000030      0.000868      0.000066     -0.000400      0.000131     -0.000303
      22      0.000298      0.027414     -0.033082      0.003342      0.000009      0.000509     -0.006520      0.002998      0.001744      0.001644
      23     -0.001595     -0.013306      0.016498     -0.001536      0.000795     -0.000873      0.003492     -0.000543     -0.000942     -0.001193
      24      0.000754     -0.006637      0.006808      0.000026     -0.000265     -0.000143      0.002000     -0.000612      0.000756     -0.000451
      25      0.000192      0.020462      0.037553      0.004060     -0.001505     -0.000922      0.001754     -0.001645     -0.000318     -0.006753
      26     -0.001226     -0.010249     -0.019446     -0.001600      0.001031      0.000850     -0.001292      0.001125     -0.000059      0.003935
      27     -0.000567      0.003354      0.004736     -0.000612      0.000223      0.000115      0.000184      0.000126      0.000921     -0.001550
                 11            12            13            14            15            16            17            18            19            20
       1      0.013142      0.016812     -0.240241      0.089360      0.007457     -0.008019      0.012269     -0.018797     -0.022835      0.021221
       2     -0.167541     -0.146801      0.091633     -0.177842     -0.004682     -0.046836     -0.024726     -0.020423     -0.026031      0.018630
       3     -0.148861     -0.351549      0.013091     -0.003610     -0.127772      0.048036      0.035687      0.002219     -0.002734      0.001809
       4     -0.013601     -0.005203     -0.047923     -0.030949     -0.004842     -0.055451     -0.027781     -0.016938     -0.005730      0.006356
       5     -0.015314     -0.003396      0.006001      0.014671      0.003242      0.032076     -0.266275      0.325447      0.003656     -0.001478
       6     -0.024076      0.002510     -0.002655      0.000007      0.005940     -0.084297      0.269661     -0.386819      0.000105      0.000265
       7     -0.001758      0.002778     -0.000374      0.026120     -0.030914     -0.007576     -0.006616     -0.001208      0.002057     -0.000915
       8      0.019129     -0.020760      0.000140     -0.011508      0.016967     -0.004909     -0.002356     -0.000654     -0.000520      0.000927
       9      0.028713     -0.019465      0.001984     -0.006645      0.006839     -0.002635     -0.002304      0.001625     -0.000197     -0.000068
      10     -0.004086     -0.010879     -0.000316      0.019993      0.036404      0.002226      0.002187     -0.000539      0.002314     -0.000984
      11      0.169500      0.165753      0.002598     -0.008508     -0.021467      0.002304      0.001642     -0.001036     -0.000399      0.000590
      12      0.165753      0.360179     -0.002655      0.003741      0.003543      0.000053      0.000744      0.002603      0.000177      0.000175
      13      0.002598     -0.002655      0.750001      0.068452      0.007523      0.002383      0.002288     -0.000638     -0.308528     -0.188440
      14     -0.008508      0.003741      0.068452      0.825114      0.000404     -0.000701      0.003504     -0.000888     -0.191941     -0.227911
      15     -0.021467      0.003543      0.007523      0.000404      0.860781      0.001460     -0.001221      0.000085     -0.021314     -0.016922
      16      0.002304      0.000053      0.002383     -0.000701      0.001460      0.066566      0.017488      0.037963      0.000429      0.000063
      17      0.001642      0.000744      0.002288      0.003504     -0.001221      0.017488      0.288104     -0.302292      0.000759     -0.000381
      18     -0.001036      0.002603     -0.000638     -0.000888      0.000085      0.037963     -0.302292      0.380144     -0.000308     -0.000160
      19     -0.000399      0.000177     -0.308528     -0.191941     -0.021314      0.000429      0.000759     -0.000308      0.319248      0.199648
      20      0.000590      0.000175     -0.188440     -0.227911     -0.016922      0.000063     -0.000381     -0.000160      0.199648      0.231086
      21      0.000489      0.000219     -0.021493     -0.017215     -0.081506     -0.000176     -0.000252      0.000145      0.022873      0.018286
      22     -0.001845     -0.000035     -0.077817      0.011305     -0.016066     -0.000284     -0.000725      0.000361      0.006415     -0.021891
      23      0.001280      0.000044      0.009313     -0.245051      0.188258      0.000340      0.000570     -0.000110      0.007551     -0.012450
      24     -0.000088      0.000914     -0.012872      0.187254     -0.295445     -0.000427      0.000221      0.000171     -0.001924     -0.008635
      25      0.003646     -0.001049     -0.077186      0.008361      0.020293     -0.000275      0.000131      0.000104      0.006630     -0.015057
      26     -0.000777      0.000500      0.008015     -0.172469     -0.164578      0.000176     -0.000082      0.000118      0.007275     -0.009014
      27      0.000573      0.001046      0.017714     -0.163048     -0.372466      0.000022     -0.000245     -0.000174      0.003322      0.005250
                 21            22            23            24            25            26            27
       1      0.002164      0.000298     -0.001595      0.000754      0.000192     -0.001226     -0.000567
       2      0.001912      0.027414     -0.013306     -0.006637      0.020462     -0.010249      0.003354
       3     -0.000544     -0.033082      0.016498      0.006808      0.037553     -0.019446      0.004736
       4      0.000341      0.003342     -0.001536      0.000026      0.004060     -0.001600     -0.000612
       5     -0.000030      0.000009      0.000795     -0.000265     -0.001505      0.001031      0.000223
       6      0.000868      0.000509     -0.000873     -0.000143     -0.000922      0.000850      0.000115
       7      0.000066     -0.006520      0.003492      0.002000      0.001754     -0.001292      0.000184
       8     -0.000400      0.002998     -0.000543     -0.000612     -0.001645      0.001125      0.000126
       9      0.000131      0.001744     -0.000942      0.000756     -0.000318     -0.000059      0.000921
      10     -0.000303      0.001644     -0.001193     -0.000451     -0.006753      0.003935     -0.001550
      11      0.000489     -0.001845      0.001280     -0.000088      0.003646     -0.000777      0.000573
      12      0.000219     -0.000035      0.000044      0.000914     -0.001049      0.000500      0.001046
      13     -0.021493     -0.077817      0.009313     -0.012872     -0.077186      0.008015      0.017714
      14     -0.017215      0.011305     -0.245051      0.187254      0.008361     -0.172469     -0.163048
      15     -0.081506     -0.016066      0.188258     -0.295445      0.020293     -0.164578     -0.372466
      16     -0.000176     -0.000284      0.000340     -0.000427     -0.000275      0.000176      0.000022
      17     -0.000252     -0.000725      0.000570      0.000221      0.000131     -0.000082     -0.000245
      18      0.000145      0.000361     -0.000110      0.000171      0.000104      0.000118     -0.000174
      19      0.022873      0.006415      0.007551     -0.001924      0.006630      0.007275      0.003322
      20      0.018286     -0.021891     -0.012450     -0.008635     -0.015057     -0.009014      0.005250
      21      0.070898      0.030664      0.020819      0.006485     -0.034138     -0.023608      0.003305
      22      0.030664      0.073241     -0.015148      0.014426     -0.000319     -0.002117      0.001478
      23      0.020819     -0.015148      0.248596     -0.201853     -0.001224      0.020110     -0.021841
      24      0.006485      0.014426     -0.201853      0.299641     -0.001533      0.030615     -0.019188
      25     -0.034138     -0.000319     -0.001224     -0.001533      0.071897     -0.013168     -0.019990
      26     -0.023608     -0.002117      0.020110      0.030615     -0.013168      0.170327      0.175607
      27      0.003305      0.001478     -0.021841     -0.019188     -0.019990      0.175607      0.381705

 Hessian-FULL
                  1             2             3             4             5             6             7             8             9            10
       1      0.706080      0.032772      0.014338     -0.289194     -0.174143     -0.013723     -0.074010      0.008200     -0.008438     -0.072272
       2      0.032772      0.811595     -0.037021     -0.119948     -0.196722      0.029126      0.011728     -0.239839      0.181174      0.008807
       3      0.014338     -0.037021      0.878624     -0.080285     -0.025204     -0.119916     -0.012346      0.180148     -0.292605      0.015429
       4     -0.289194     -0.119948     -0.080285      0.399146      0.191099      0.103852      0.002451     -0.002041      0.003660     -0.010701
       5     -0.174143     -0.196722     -0.025204      0.191099      0.481666     -0.296084     -0.028845     -0.018373     -0.003932     -0.028348
       6     -0.013723      0.029126     -0.119916      0.103852     -0.296084      0.487316      0.032821      0.021122      0.010129     -0.035691
       7     -0.074010      0.011728     -0.012346      0.002451     -0.028845      0.032821      0.080402     -0.001915      0.006619      0.001815
       8      0.008200     -0.239839      0.180148     -0.002041     -0.018373      0.021122     -0.001915      0.251438     -0.195937     -0.000309
       9     -0.008438      0.181174     -0.292605      0.003660     -0.003932      0.010129      0.006619     -0.195937      0.291669     -0.002420
      10     -0.072272      0.008807      0.015429     -0.010701     -0.028348     -0.035691      0.001815     -0.000309     -0.002420      0.082045
      11      0.013142     -0.167541     -0.148861     -0.013601     -0.015314     -0.024076     -0.001758      0.019129      0.028713     -0.004086
      12      0.016812     -0.146801     -0.351549     -0.005203     -0.003396      0.002510      0.002778     -0.020760     -0.019465     -0.010879
      13     -0.240241      0.091633      0.013091     -0.047923      0.006001     -0.002655     -0.000374      0.000140      0.001984     -0.000316
      14      0.089360     -0.177842     -0.003610     -0.030949      0.014671      0.000007      0.026120     -0.011508     -0.006645      0.019993
      15      0.007457     -0.004682     -0.127772     -0.004842      0.003242      0.005940     -0.030914      0.016967      0.006839      0.036404
      16     -0.008019     -0.046836      0.048036     -0.055451      0.032076     -0.084297     -0.007576     -0.004909     -0.002635      0.002226
      17      0.012269     -0.024726      0.035687     -0.027781     -0.266275      0.269661     -0.006616     -0.002356     -0.002304      0.002187
      18     -0.018797     -0.020423      0.002219     -0.016938      0.325447     -0.386819     -0.001208     -0.000654      0.001625     -0.000539
      19     -0.022835     -0.026031     -0.002734     -0.005730      0.003656      0.000105      0.002057     -0.000520     -0.000197      0.002314
      20      0.021221      0.018630      0.001809      0.006356     -0.001478      0.000265     -0.000915      0.000927     -0.000068     -0.000984
      21      0.002164      0.001912     -0.000544      0.000341     -0.000030      0.000868      0.000066     -0.000400      0.000131     -0.000303
      22      0.000298      0.027414     -0.033082      0.003342      0.000009      0.000509     -0.006520      0.002998      0.001744      0.001644
      23     -0.001595     -0.013306      0.016498     -0.001536      0.000795     -0.000873      0.003492     -0.000543     -0.000942     -0.001193
      24      0.000754     -0.006637      0.006808      0.000026     -0.000265     -0.000143      0.002000     -0.000612      0.000756     -0.000451
      25      0.000192      0.020462      0.037553      0.004060     -0.001505     -0.000922      0.001754     -0.001645     -0.000318     -0.006753
      26     -0.001226     -0.010249     -0.019446     -0.001600      0.001031      0.000850     -0.001292      0.001125     -0.000059      0.003935
      27     -0.000567      0.003354      0.004736     -0.000612      0.000223      0.000115      0.000184      0.000126      0.000921     -0.001550
                 11            12            13            14            15            16            17            18            19            20
       1      0.013142      0.016812     -0.240241      0.089360      0.007457     -0.008019      0.012269     -0.018797     -0.022835      0.021221
       2     -0.167541     -0.146801      0.091633     -0.177842     -0.004682     -0.046836     -0.024726     -0.020423     -0.026031      0.018630
       3     -0.148861     -0.351549      0.013091     -0.003610     -0.127772      0.048036      0.035687      0.002219     -0.002734      0.001809
       4     -0.013601     -0.005203     -0.047923     -0.030949     -0.004842     -0.055451     -0.027781     -0.016938     -0.005730      0.006356
       5     -0.015314     -0.003396      0.006001      0.014671      0.003242      0.032076     -0.266275      0.325447      0.003656     -0.001478
       6     -0.024076      0.002510     -0.002655      0.000007      0.005940     -0.084297      0.269661     -0.386819      0.000105      0.000265
       7     -0.001758      0.002778     -0.000374      0.026120     -0.030914     -0.007576     -0.006616     -0.001208      0.002057     -0.000915
       8      0.019129     -0.020760      0.000140     -0.011508      0.016967     -0.004909     -0.002356     -0.000654     -0.000520      0.000927
       9      0.028713     -0.019465      0.001984     -0.006645      0.006839     -0.002635     -0.002304      0.001625     -0.000197     -0.000068
      10     -0.004086     -0.010879     -0.000316      0.019993      0.036404      0.002226      0.002187     -0.000539      0.002314     -0.000984
      11      0.169500      0.165753      0.002598     -0.008508     -0.021467      0.002304      0.001642     -0.001036     -0.000399      0.000590
      12      0.165753      0.360179     -0.002655      0.003741      0.003543      0.000053      0.000744      0.002603      0.000177      0.000175
      13      0.002598     -0.002655      0.750001      0.068452      0.007523      0.002383      0.002288     -0.000638     -0.308528     -0.188440
      14     -0.008508      0.003741      0.068452      0.825114      0.000404     -0.000701      0.003504     -0.000888     -0.191941     -0.227911
      15     -0.021467      0.003543      0.007523      0.000404      0.860781      0.001460     -0.001221      0.000085     -0.021314     -0.016922
      16      0.002304      0.000053      0.002383     -0.000701      0.001460      0.066566      0.017488      0.037963      0.000429      0.000063
      17      0.001642      0.000744      0.002288      0.003504     -0.001221      0.017488      0.288104     -0.302292      0.000759     -0.000381
      18     -0.001036      0.002603     -0.000638     -0.000888      0.000085      0.037963     -0.302292      0.380144     -0.000308     -0.000160
      19     -0.000399      0.000177     -0.308528     -0.191941     -0.021314      0.000429      0.000759     -0.000308      0.319248      0.199648
      20      0.000590      0.000175     -0.188440     -0.227911     -0.016922      0.000063     -0.000381     -0.000160      0.199648      0.231086
      21      0.000489      0.000219     -0.021493     -0.017215     -0.081506     -0.000176     -0.000252      0.000145      0.022873      0.018286
      22     -0.001845     -0.000035     -0.077817      0.011305     -0.016066     -0.000284     -0.000725      0.000361      0.006415     -0.021891
      23      0.001280      0.000044      0.009313     -0.245051      0.188258      0.000340      0.000570     -0.000110      0.007551     -0.012450
      24     -0.000088      0.000914     -0.012872      0.187254     -0.295445     -0.000427      0.000221      0.000171     -0.001924     -0.008635
      25      0.003646     -0.001049     -0.077186      0.008361      0.020293     -0.000275      0.000131      0.000104      0.006630     -0.015057
      26     -0.000777      0.000500      0.008015     -0.172469     -0.164578      0.000176     -0.000082      0.000118      0.007275     -0.009014
      27      0.000573      0.001046      0.017714     -0.163048     -0.372466      0.000022     -0.000245     -0.000174      0.003322      0.005250
                 21            22            23            24            25            26            27
       1      0.002164      0.000298     -0.001595      0.000754      0.000192     -0.001226     -0.000567
       2      0.001912      0.027414     -0.013306     -0.006637      0.020462     -0.010249      0.003354
       3     -0.000544     -0.033082      0.016498      0.006808      0.037553     -0.019446      0.004736
       4      0.000341      0.003342     -0.001536      0.000026      0.004060     -0.001600     -0.000612
       5     -0.000030      0.000009      0.000795     -0.000265     -0.001505      0.001031      0.000223
       6      0.000868      0.000509     -0.000873     -0.000143     -0.000922      0.000850      0.000115
       7      0.000066     -0.006520      0.003492      0.002000      0.001754     -0.001292      0.000184
       8     -0.000400      0.002998     -0.000543     -0.000612     -0.001645      0.001125      0.000126
       9      0.000131      0.001744     -0.000942      0.000756     -0.000318     -0.000059      0.000921
      10     -0.000303      0.001644     -0.001193     -0.000451     -0.006753      0.003935     -0.001550
      11      0.000489     -0.001845      0.001280     -0.000088      0.003646     -0.000777      0.000573
      12      0.000219     -0.000035      0.000044      0.000914     -0.001049      0.000500      0.001046
      13     -0.021493     -0.077817      0.009313     -0.012872     -0.077186      0.008015      0.017714
      14     -0.017215      0.011305     -0.245051      0.187254      0.008361     -0.172469     -0.163048
      15     -0.081506     -0.016066      0.188258     -0.295445      0.020293     -0.164578     -0.372466
      16     -0.000176     -0.000284      0.000340     -0.000427     -0.000275      0.000176      0.000022
      17     -0.000252     -0.000725      0.000570      0.000221      0.000131     -0.000082     -0.000245
      18      0.000145      0.000361     -0.000110      0.000171      0.000104      0.000118     -0.000174
      19      0.022873      0.006415      0.007551     -0.001924      0.006630      0.007275      0.003322
      20      0.018286     -0.021891     -0.012450     -0.008635     -0.015057     -0.009014      0.005250
      21      0.070898      0.030664      0.020819      0.006485     -0.034138     -0.023608      0.003305
      22      0.030664      0.073241     -0.015148      0.014426     -0.000319     -0.002117      0.001478
      23      0.020819     -0.015148      0.248596     -0.201853     -0.001224      0.020110     -0.021841
      24      0.006485      0.014426     -0.201853      0.299641     -0.001533      0.030615     -0.019188
      25     -0.034138     -0.000319     -0.001224     -0.001533      0.071897     -0.013168     -0.019990
      26     -0.023608     -0.002117      0.020110      0.030615     -0.013168      0.170327      0.175607
      27      0.003305      0.001478     -0.021841     -0.019188     -0.019990      0.175607      0.381705

 Atomic Masses
       1       12.000000
       2       15.994915
       3        1.007825
       4        1.007825
       5       12.000000
       6        1.007825
       7        1.007825
       8        1.007825
       9        1.007825

 Hessian-FULL after MW'ing
                  1             2             3             4             5             6             7             8             9            10
       1      0.058840      0.002731      0.001195     -0.020874     -0.012570     -0.000991     -0.021282      0.002358     -0.002426     -0.020782
       2      0.002731      0.067633     -0.003085     -0.008658     -0.014199      0.002102      0.003372     -0.068966      0.052097      0.002532
       3      0.001195     -0.003085      0.073219     -0.005795     -0.001819     -0.008656     -0.003550      0.051802     -0.084139      0.004437
       4     -0.020874     -0.008658     -0.005795      0.024955      0.011948      0.006493      0.000611     -0.000508      0.000912     -0.002665
       5     -0.012570     -0.014199     -0.001819      0.011948      0.030114     -0.018511     -0.007184     -0.004576     -0.000979     -0.007061
       6     -0.000991      0.002102     -0.008656      0.006493     -0.018511      0.030467      0.008175      0.005261      0.002523     -0.008890
       7     -0.021282      0.003372     -0.003550      0.000611     -0.007184      0.008175      0.079777     -0.001900      0.006567      0.001801
       8      0.002358     -0.068966      0.051802     -0.000508     -0.004576      0.005261     -0.001900      0.249486     -0.194416     -0.000307
       9     -0.002426      0.052097     -0.084139      0.000912     -0.000979      0.002523      0.006567     -0.194416      0.289405     -0.002401
      10     -0.020782      0.002532      0.004437     -0.002665     -0.007061     -0.008890      0.001801     -0.000307     -0.002401      0.081408
      11      0.003779     -0.048177     -0.042805     -0.003388     -0.003814     -0.005996     -0.001745      0.018981      0.028490     -0.004054
      12      0.004834     -0.042213     -0.101089     -0.001296     -0.000846      0.000625      0.002757     -0.020598     -0.019313     -0.010794
      13     -0.020020      0.007636      0.001091     -0.003459      0.000433     -0.000192     -0.000107      0.000040      0.000571     -0.000091
      14      0.007447     -0.014820     -0.000301     -0.002234      0.001059      0.000001      0.007511     -0.003309     -0.001911      0.005749
      15      0.000621     -0.000390     -0.010648     -0.000350      0.000234      0.000429     -0.008889      0.004879      0.001967      0.010468
      16     -0.002306     -0.013468      0.013813     -0.013811      0.007989     -0.020996     -0.007517     -0.004871     -0.002614      0.002208
      17      0.003528     -0.007110      0.010262     -0.006919     -0.066320      0.067164     -0.006564     -0.002338     -0.002286      0.002170
      18     -0.005405     -0.005873      0.000638     -0.004219      0.081058     -0.096344     -0.001199     -0.000649      0.001612     -0.000534
      19     -0.006566     -0.007485     -0.000786     -0.001427      0.000911      0.000026      0.002041     -0.000516     -0.000196      0.002296
      20      0.006102      0.005357      0.000520      0.001583     -0.000368      0.000066     -0.000908      0.000920     -0.000067     -0.000977
      21      0.000622      0.000550     -0.000156      0.000085     -0.000008      0.000216      0.000066     -0.000397      0.000130     -0.000300
      22      0.000086      0.007883     -0.009513      0.000832      0.000002      0.000127     -0.006469      0.002975      0.001730      0.001631
      23     -0.000459     -0.003826      0.004744     -0.000382      0.000198     -0.000217      0.003465     -0.000539     -0.000935     -0.001184
      24      0.000217     -0.001909      0.001958      0.000007     -0.000066     -0.000036      0.001985     -0.000607      0.000750     -0.000448
      25      0.000055      0.005884      0.010799      0.001011     -0.000375     -0.000230      0.001741     -0.001632     -0.000315     -0.006701
      26     -0.000352     -0.002947     -0.005592     -0.000398      0.000257      0.000212     -0.001281      0.001116     -0.000058      0.003904
      27     -0.000163      0.000964      0.001362     -0.000153      0.000055      0.000029      0.000183      0.000125      0.000913     -0.001538
                 11            12            13            14            15            16            17            18            19            20
       1      0.003779      0.004834     -0.020020      0.007447      0.000621     -0.002306      0.003528     -0.005405     -0.006566      0.006102
       2     -0.048177     -0.042213      0.007636     -0.014820     -0.000390     -0.013468     -0.007110     -0.005873     -0.007485      0.005357
       3     -0.042805     -0.101089      0.001091     -0.000301     -0.010648      0.013813      0.010262      0.000638     -0.000786      0.000520
       4     -0.003388     -0.001296     -0.003459     -0.002234     -0.000350     -0.013811     -0.006919     -0.004219     -0.001427      0.001583
       5     -0.003814     -0.000846      0.000433      0.001059      0.000234      0.007989     -0.066320      0.081058      0.000911     -0.000368
       6     -0.005996      0.000625     -0.000192      0.000001      0.000429     -0.020996      0.067164     -0.096344      0.000026      0.000066
       7     -0.001745      0.002757     -0.000107      0.007511     -0.008889     -0.007517     -0.006564     -0.001199      0.002041     -0.000908
       8      0.018981     -0.020598      0.000040     -0.003309      0.004879     -0.004871     -0.002338     -0.000649     -0.000516      0.000920
       9      0.028490     -0.019313      0.000571     -0.001911      0.001967     -0.002614     -0.002286      0.001612     -0.000196     -0.000067
      10     -0.004054     -0.010794     -0.000091      0.005749      0.010468      0.002208      0.002170     -0.000534      0.002296     -0.000977
      11      0.168184      0.164466      0.000747     -0.002446     -0.006173      0.002286      0.001629     -0.001028     -0.000396      0.000585
      12      0.164466      0.357383     -0.000763      0.001076      0.001019      0.000053      0.000738      0.002583      0.000175      0.000174
      13      0.000747     -0.000763      0.062500      0.005704      0.000627      0.000685      0.000658     -0.000183     -0.088718     -0.054186
      14     -0.002446      0.001076      0.005704      0.068760      0.000034     -0.000201      0.001008     -0.000255     -0.055193     -0.065536
      15     -0.006173      0.001019      0.000627      0.000034      0.071732      0.000420     -0.000351      0.000025     -0.006129     -0.004866
      16      0.002286      0.000053      0.000685     -0.000201      0.000420      0.066049      0.017352      0.037668      0.000426      0.000062
      17      0.001629      0.000738      0.000658      0.001008     -0.000351      0.017352      0.285867     -0.299945      0.000754     -0.000378
      18     -0.001028      0.002583     -0.000183     -0.000255      0.000025      0.037668     -0.299945      0.377193     -0.000306     -0.000159
      19     -0.000396      0.000175     -0.088718     -0.055193     -0.006129      0.000426      0.000754     -0.000306      0.316769      0.198098
      20      0.000585      0.000174     -0.054186     -0.065536     -0.004866      0.000062     -0.000378     -0.000159      0.198098      0.229292
      21      0.000485      0.000217     -0.006180     -0.004950     -0.023437     -0.000175     -0.000250      0.000144      0.022696      0.018144
      22     -0.001831     -0.000035     -0.022376      0.003251     -0.004620     -0.000282     -0.000719      0.000359      0.006365     -0.021721
      23      0.001270      0.000044      0.002678     -0.070465      0.054134      0.000337      0.000565     -0.000110      0.007493     -0.012353
      24     -0.000087      0.000907     -0.003701      0.053845     -0.084956     -0.000423      0.000219      0.000170     -0.001909     -0.008568
      25      0.003618     -0.001040     -0.022195      0.002404      0.005835     -0.000272      0.000130      0.000103      0.006578     -0.014940
      26     -0.000771      0.000496      0.002305     -0.049594     -0.047325      0.000175     -0.000082      0.000117      0.007219     -0.008944
      27      0.000569      0.001038      0.005094     -0.046885     -0.107103      0.000022     -0.000243     -0.000172      0.003296      0.005210
                 21            22            23            24            25            26            27
       1      0.000622      0.000086     -0.000459      0.000217      0.000055     -0.000352     -0.000163
       2      0.000550      0.007883     -0.003826     -0.001909      0.005884     -0.002947      0.000964
       3     -0.000156     -0.009513      0.004744      0.001958      0.010799     -0.005592      0.001362
       4      0.000085      0.000832     -0.000382      0.000007      0.001011     -0.000398     -0.000153
       5     -0.000008      0.000002      0.000198     -0.000066     -0.000375      0.000257      0.000055
       6      0.000216      0.000127     -0.000217     -0.000036     -0.000230      0.000212      0.000029
       7      0.000066     -0.006469      0.003465      0.001985      0.001741     -0.001281      0.000183
       8     -0.000397      0.002975     -0.000539     -0.000607     -0.001632      0.001116      0.000125
       9      0.000130      0.001730     -0.000935      0.000750     -0.000315     -0.000058      0.000913
      10     -0.000300      0.001631     -0.001184     -0.000448     -0.006701      0.003904     -0.001538
      11      0.000485     -0.001831      0.001270     -0.000087      0.003618     -0.000771      0.000569
      12      0.000217     -0.000035      0.000044      0.000907     -0.001040      0.000496      0.001038
      13     -0.006180     -0.022376      0.002678     -0.003701     -0.022195      0.002305      0.005094
      14     -0.004950      0.003251     -0.070465      0.053845      0.002404     -0.049594     -0.046885
      15     -0.023437     -0.004620      0.054134     -0.084956      0.005835     -0.047325     -0.107103
      16     -0.000175     -0.000282      0.000337     -0.000423     -0.000272      0.000175      0.000022
      17     -0.000250     -0.000719      0.000565      0.000219      0.000130     -0.000082     -0.000243
      18      0.000144      0.000359     -0.000110      0.000170      0.000103      0.000117     -0.000172
      19      0.022696      0.006365      0.007493     -0.001909      0.006578      0.007219      0.003296
      20      0.018144     -0.021721     -0.012353     -0.008568     -0.014940     -0.008944      0.005210
      21      0.070347      0.030426      0.020657      0.006435     -0.033873     -0.023424      0.003279
      22      0.030426      0.072672     -0.015030      0.014314     -0.000316     -0.002100      0.001466
      23      0.020657     -0.015030      0.246666     -0.200285     -0.001215      0.019954     -0.021672
      24      0.006435      0.014314     -0.200285      0.297314     -0.001521      0.030377     -0.019039
      25     -0.033873     -0.000316     -0.001215     -0.001521      0.071339     -0.013066     -0.019835
      26     -0.023424     -0.002100      0.019954      0.030377     -0.013066      0.169005      0.174244
      27      0.003279      0.001466     -0.021672     -0.019039     -0.019835      0.174244      0.378741

 Hessian-FULL after scaleHess
                  1             2             3             4             5             6             7             8             9            10
       1     32.278441      1.498154      0.655471    -11.451117     -6.895476     -0.543381    -11.674664      1.293480     -1.331017    -11.400516
       2      1.498154     37.102078     -1.692436     -4.749547     -7.789533      1.153278      1.850034    -37.833455     28.579417      1.389251
       3      0.655471     -1.692436     40.166285     -3.179028     -0.997976     -4.748286     -1.947540     28.417440    -46.157104      2.433788
       4    -11.451117     -4.749547     -3.179028     13.689571      6.554166      3.561836      0.334908     -0.278805      0.500110     -1.462150
       5     -6.895476     -7.789533     -0.997976      6.554166     16.519769    -10.154830     -3.941192     -2.510346     -0.537216     -3.873341
       6     -0.543381      1.153278     -4.748286      3.561836    -10.154830     16.713541      4.484455      2.886034      1.383994     -4.876635
       7    -11.674664      1.850034     -1.947540      0.334908     -3.941192      4.484455     43.764212     -1.042409      3.602623      0.987838
       8      1.293480    -37.833455     28.417440     -0.278805     -2.510346      2.886034     -1.042409    136.862939   -106.652595     -0.168322
       9     -1.331017     28.579417    -46.157104      0.500110     -0.537216      1.383994      3.602623   -106.652595    158.761655     -1.317120
      10    -11.400516      1.389251      2.433788     -1.462150     -3.873341     -4.876635      0.987838     -0.168322     -1.317120     44.658538
      11      2.073124    -26.428888    -23.482146     -1.858346     -2.092469     -3.289527     -0.957037     10.412326     15.628929     -2.223968
      12      2.651994    -23.157248    -55.455286     -0.710891     -0.464018      0.342947      1.512303    -11.299891    -10.594968     -5.921438
      13    -10.982596      4.189000      0.598467     -1.897590      0.237609     -0.105127     -0.058923      0.022131      0.313002     -0.049890
      14      4.085097     -8.130041     -0.165050     -1.225495      0.580918      0.000291      4.120298     -1.815406     -1.048296      3.153813
      15      0.340882     -0.214045     -5.841111     -0.191732      0.128366      0.235207     -4.876559      2.676394      1.078810      5.742549
      16     -1.264980     -7.388214      7.577495     -7.576414      4.382632    -11.517750     -4.123566     -2.671942     -1.434056      1.211386
      17      1.935379     -3.900406      5.629479     -3.795769    -36.381955     36.844718     -3.600987     -1.282377     -1.253884      1.190197
      18     -2.965109     -3.221711      0.350010     -2.314239     44.466826    -52.852318     -0.657792     -0.356220      0.884532     -0.293195
      19     -3.602069     -4.106250     -0.431271     -0.782919      0.499585      0.014355      1.119633     -0.282814     -0.107314      1.259389
      20      3.347541      2.938857      0.285420      0.868402     -0.201983      0.036232     -0.497992      0.504573     -0.037001     -0.535794
      21      0.341327      0.301539     -0.085777      0.046657     -0.004155      0.118582      0.036133     -0.217730      0.071183     -0.164806
      22      0.046954      4.324425     -5.218554      0.456665      0.001276      0.069578     -3.548911      1.631833      0.949198      0.894778
      23     -0.251639     -2.098999      2.602554     -0.209821      0.108561     -0.119266      1.900984     -0.295445     -0.512941     -0.649599
      24      0.118871     -1.046974      1.073965      0.003604     -0.036254     -0.019500      1.088753     -0.332924      0.411370     -0.245573
      25      0.030301      3.227790      5.923846      0.554703     -0.205680     -0.125913      0.954817     -0.895325     -0.172883     -3.675924
      26     -0.193351     -1.616810     -3.067513     -0.218557      0.140849      0.116167     -0.702997      0.612161     -0.031977      2.141712
      27     -0.089382      0.529094      0.747067     -0.083676      0.030409      0.015709      0.100196      0.068725      0.501052     -0.843785
                 11            12            13            14            15            16            17            18            19            20
       1      2.073124      2.651994    -10.982596      4.085097      0.340882     -1.264980      1.935379     -2.965109     -3.602069      3.347541
       2    -26.428888    -23.157248      4.189000     -8.130041     -0.214045     -7.388214     -3.900406     -3.221711     -4.106250      2.938857
       3    -23.482146    -55.455286      0.598467     -0.165050     -5.841111      7.577495      5.629479      0.350010     -0.431271      0.285420
       4     -1.858346     -0.710891     -1.897590     -1.225495     -0.191732     -7.576414     -3.795769     -2.314239     -0.782919      0.868402
       5     -2.092469     -0.464018      0.237609      0.580918      0.128366      4.382632    -36.381955     44.466826      0.499585     -0.201983
       6     -3.289527      0.342947     -0.105127      0.000291      0.235207    -11.517750     36.844718    -52.852318      0.014355      0.036232
       7     -0.957037      1.512303     -0.058923      4.120298     -4.876559     -4.123566     -3.600987     -0.657792      1.119633     -0.497992
       8     10.412326    -11.299891      0.022131     -1.815406      2.676394     -2.671942     -1.282377     -0.356220     -0.282814      0.504573
